777436.9446064228
861508.7749845822
208652.2385811877
315041.4272434469
622775.7560445163
9677.73518830742
420890.6673254361
563472.6328407489
368560.3298584076
817815.1570643536
377415.94421771145
147837.37006885232
238523.12558721233
347735.7044403
336030.31988009246
253044.59542254038
830856.7893921928
96615.81465704758
907271.4803148409
991271.9208966038
625902.9349028907
413648.6127484347
904260.2824104442
351176.34336608084
685182.5338880412
510447.71391143213
215383.60022214561
948987.6102102422
134893.43717571496
784060.4048218271
376118.98231619364
914859.4176689932
272742.72096428205
613677.4157736328
490992.07401148666
880324.846264911
287666.442921218
148610.2360274793
400424.8851256291
584840.8875938499
962701.0441127418
833187.3452728459
863732.6488754206
2050.980954370614
403470.39156899165
846892.2302534716
370586.80780777236
199904.3880952214
689402.2137707933
829329.0072533463
301423.3368354867
850789.3306314677
377390.126019017
46436.49255253701
162068.35228613357
920260.7976096759
986927.3098695517
210812.75277051594
826391.6118826111
130449.10985890825
961944.232811663
861689.358225713
569386.8581722369
888473.8720958199
366951.1502369077
405419.57243874634
833419.9433995506
554969.1315756831
205037.8974658304
86489.5914496561
960249.6653371704
535315.0310948127
818392.0780231707
229989.2338389636
492886.2811908343
781700.2414220707
206631.90520388057
749909.4467477219
701223.7122920495
752635.0902145054
170354.92385599882
456245.8896650446
260908.63967299054
973068.7869737976
57755.69169575873
760289.1755492252
460261.5754492554
920169.0518228427
879709.344720531
380391.0616069919
798826.8047540518
959194.9743940333
25399.216618995375
416401.69777737017
470510.97718785296
115979.10186960833
353725.281599752
690313.6520406603
996313.4066578695
43915.735519529866
523459.89474543266
178205.76485121818
457032.5572488186
395933.71563752857
193199.9116986836
121771.35141299591
283754.16542545025
486703.7176551313
941155.8749291329
155359.0156826192
987201.3123361777
918576.2488575721
792396.1986159214
846944.4937828588
779642.0230521561
670662.2163584785
698834.6067844988
623569.8711939879
303474.56290284975
260388.58300519703
782500.965114382
432507.06629708695
546766.1271959126
715074.298254848
429735.8780075046
503120.2255786939
411262.60395063605
843246.3047277625
893123.3281822522
913683.2004524803
442198.2261183961
6088.006429874113
790290.3422068463
97820.3739704806
114770.33827613635
356116.52923564153
456686.3448647673
884928.0638141443
611437.9729975457
403631.40520505543
777886.987776037
138262.5663843376
702884.1759451078
446508.8261228431
382052.819885713
939228.6304312161
680917.919976557
858496.3041098852
683567.0227517469
114625.99673569077
660343.3128801892
185121.77346528214
667040.4223672333
242884.3365113292
138494.6082906924
980405.8026213698
299715.2687671246
221122.92344116067
214612.1742978613
173870.45217817338
583125.5489953656
120597.12498533042
860926.130540175
86651.31774966248
895860.369123648
864864.9745486099
660754.325332287
885089.69749625
167919.75476758523
113968.84841406217
157849.85465372945
942960.4958067009
143027.92166851423
867845.5155395932
692877.5115353905
559130.1480739596
579287.0499980835
655671.434259665
564409.6563141563
631974.3677023476
97165.04657905591
203196.2518932553
234289.6960436398
958986.075585082
822446.9335452793
33934.61986376935
902133.0075936565
352671.28387003444
736296.8923195216
219954.0011953734
617903.0080544128
680118.6388340985
611023.697265321
748956.4365453663
70349.61427317365
929104.5604324923
683589.1699495385
967094.8010216835
763012.4088551672
338226.58627501316
797392.2954841927
453768.963051718
351403.9827969319
984543.3824748896
71551.98662798356
448250.21902040177
707640.6170013221
879655.5294652266
231936.92582025434
716093.178165498
94242.33003940743
888613.3433018096
873289.023569574
690064.9005633576
83099.41333990025
602254.7273654866
680744.413978077
363238.02059226896
649457.6250388809
925356.0503108711
164786.47187612538
795757.0270313942
321928.8694271617
533299.8575299841
710157.5351735646
120563.01132196678
419839.271578339
163762.49862495993
360291.1015777933
92586.46424419778
461989.3094906747
720686.2280798187
718602.6149820185
356805.61591821926
526609.7771326285
182464.72045296244
7906.1040230139015
436901.1525065873
509327.74261800374
446529.75762448896
844442.1390565404
925229.0438783973
152336.84963325926
46037.233659308586
656764.7594015186
141394.05361860208
668424.571110831
14519.545719256652
523790.98620717146
885739.898838298
713263.7991954066
360565.5607947876
384622.35342584754
111998.19963499883
167276.7652032371
708432.5588830798
953987.600549021
621361.512768989
705366.1344008347
325756.2137571625
845079.3039936435
156307.27496230887
77022.20604116928
836602.0595597943
243339.35350154608
137869.93566648656
953425.9380866612
120150.56192992924
111146.78979612101
3056.90488388289
823170.3171835523
114889.21877080582
125351.41960179507
820387.7108873528
7758.740742120027
394739.33250794443
596267.4829145771
928561.034567671
551871.8868043383
538557.669053276
173837.24344018375
654390.9376248393
512538.57050013205
708691.0168526137
354606.84408203384
239277.55375693247
265148.35944304895
778882.2223851727
52836.862337026236
146399.98511948637
512679.0148981698
326202.068222317
102939.32188791965
524785.9072252702
250340.895856732
822314.010024214
271684.18238506105
674386.997611744
874378.2985283956
941755.3553249633
591149.6145866516
816328.3773672323
737507.7778476346
847092.6771650763
896183.3572419931
724511.6972078965
995638.0183919303
184753.75899134474
934766.6893038529
286901.76533394825
685927.9820102635
603655.9850453512
347579.6895642154
264109.95374545944
887490.2852181696
746943.0658693239
336957.5083168005
132022.33091313596
764064.962162514
915446.2366074128
800126.9642307876
100991.14640753597
448745.5942046826
496470.423390817
939913.3857184008
625794.0788914221
15169.864795441043
901564.3490499574
21985.8305147944
177906.49124987217
481670.79257888126
7918.5743644767335
78164.59015659391
183818.80092591152
382845.55519672105
953023.1475796839
405622.77711691067
610171.2519687205
871508.0240779585
40778.88739922115
688434.2204746209
121786.69699141967
264139.9539733032
447375.5493996188
633603.3894834996
482604.0881513266
988661.5118887456
938678.8409648018
881800.5109594117
868727.9092583213
615395.2745185099
115047.74544785844
333117.943090151
775854.725915053
649768.4917846532
567755.1042475596
302862.5715389676
59233.90379565933
531263.8115401161
186218.2696265078
811022.9693783056
514119.6602552524
670929.5261419475
30632.68706074214
223181.13565210302
304656.3317823931
388188.9590851993
317990.97123754927
946960.2327915662
663700.7165858654
889142.8172131869
78970.80392035565
137442.17464669017
531162.7919497924
172215.13356850683
368211.3760685596
255888.577865187
5326.010871316962
103677.99448064447
348212.1139996696
155578.24244524149
773834.7997657207
151121.24313145783
862866.7350480127
933837.3445804964
644936.1534113315
554671.1761083283
722965.859025974
23893.137850215477
179305.24641205664
581932.2792286177
882097.2166165801
902135.5082037977
408365.440755834
213625.89845566102
55528.12528575163
361028.9142428824
792568.701894454
309004.50965951104
139813.19993697692
419121.37658705213
517125.2733893809
73894.77031256707
299773.0037555932
705195.4275640249
54834.081663081015
452152.6243333773
950477.4707918677
28880.573415339284
632496.123740342
740199.4399594188
789748.8139774627
524800.4933459865
126541.45491227842
394359.0258752073
572660.3104957253
255578.1501441595
576616.0597329036
578636.6633517919
167409.79264914314
466187.3221998067
635896.1252658513
894035.2667513631
32077.00037312623
200648.00237706085
289538.10351465974
671368.9306751009
309287.7270016306
321124.22054287686
553693.5608436428
512218.4129136546
284087.14033261075
139461.31819261351
905067.5731562478
635505.2462087052
188432.9358871494
291577.57948587654
359903.2907446265
915288.8610310304
792058.3997915153
583278.5564364255
213614.01703389094
481727.262885631
35954.76810289397
318406.92968079867
641371.5187703022
374239.85219807277
290695.8826842436
544720.4422531119
598955.4062695232
800457.0481282908
643802.3978272814
818331.3135641039
703210.9327513471
481281.6095802531
858426.1955124567
603821.6751393797
801631.9000173644
466891.3014863399
882979.1511469148
996890.4188121032
565275.0091299057
260049.68077582167
737818.558372683
650168.4715589042
684642.7415496449
236387.85729853468
905263.8955041373
220279.82795885068
522428.02748839086
424102.68774470274
123990.89362303511
760981.7096658401
905059.6800087963
259984.78704472876
958826.1654965294
26935.36900889531
207633.01850518084
801431.277975106
110792.76532767361
403483.30794287456
738796.7433566682
438259.36625054333
993165.6838113526
1010.900510869939
13593.971356478853
621824.6301288267
577012.3248437116
328915.55256674124
339235.21246618975
82446.58975177379
247831.76517936817
513746.9319399114
42319.82287263152
832637.395726311
99465.0438925203
776438.3900726386
927493.2644644164
464776.8068215061
585492.7640843793
25682.266370468984
130789.04079637151
937387.4555034521
318429.9861831173
568179.222395851
998956.9653502291
720295.4041076847
50329.243565642006
811136.3573032967
498761.9972795019
362475.3348916261
303923.6821325285
319079.48062774935
414921.0975739435
208213.28952454822
823557.9028030297
640443.2951435036
144035.80629328324
695647.5576434385
941559.328454597
346724.21183043957
414184.7076800635
611101.2241865824
57856.505275021314
253878.2812092639
537811.869917662
751402.6199466798
945343.035364403
645548.090012318
825777.2522786922
999852.8121689003
941438.0971323935
402869.10828386014
468918.04351242527
929845.6394392215
419275.18887342414
42867.657874642064
777700.8075249925
748816.1893233145
522491.6970312387
800204.5466059073
742432.088563295
792997.0743580586
257028.6841257483
28128.22019720943
388699.987950048
86077.15257449629
930366.3740207955
399459.63282634085
26082.934534865515
205287.21762609485
998143.817953231
858637.6427387262
882635.9949010449
271939.6400665086
915737.209183229
930549.67684252
979973.2173508997
73893.44900023208
454458.00480335427
892292.3622853066
670274.5830119759
596186.1102243748
843430.0595737401
644364.3375536776
168395.60216215247
320335.4754749609
495772.19992062944
935233.1839887719
390697.69504102954
863831.474241552
336331.3096114452
248519.3734637101
393267.5318506601
635155.0059559585
577335.9771386583
307.9313936368462
366913.0710737758
435381.81169897283
118773.90542239795
179094.64769120884
208436.2702584524
238117.49078813623
315016.61586646497
231995.72255982878
519656.2875068938
310862.1429669036
294751.92173829104
937401.6593282393
610367.4304177768
887481.7100435811
909684.3028296097
956139.572446191
158803.42438925063
309215.0447357829
104970.70880552633
527429.2842233847
744192.5930992208
290885.1165442033
986059.6488528107
465992.16722677165
142292.89661318436
834312.8764681655
64965.30836115214
998367.5381463786
31709.129782477357
257600.93041528214
554952.1594474568
175498.02047116062
31253.9151114322
956682.8357583828
228709.31308349315
128767.02392532912
975668.9466947466
981158.041535443
422669.08019420906
560728.8041262829
683162.5686300962
897992.9795329106
973005.6730271076
910830.2915294142
760927.5628494266
678323.804569682
719018.1638870467
982989.4489962667
711361.6348114657
474631.73571829987
475558.1254031831
269833.6262037217
213746.72505783814
352739.808341757
478166.3761319461
348534.62992399465
900036.9412352827
842414.2864505944
398118.9406677819
768445.7846450463
100090.64667554598
494265.6671229774
660146.369569852
983698.4901359901
785396.4027303293
134279.52909372596
365771.5382325532
272266.9228403539
352318.9343836658
259189.8159847404
533004.7141202042
782417.9172202897
514686.76068286353
927037.1152810197
656415.2292132186
920193.4015727377
695360.3385946552
513629.1956819394
600600.3716178769
334998.35996444075
697320.5432322627
830685.3308886882
190581.89148353387
517958.31673233217
665084.6281114873
113846.58460567344
350135.7479427345
307254.0707887245
365075.85215836094
546198.3112951372
29865.773903479727
297424.48145224154
315814.14845784934
643785.1761627933
529715.8442178392
36663.77276770006
961465.2629286514
340474.2864764454
47202.86194207978
746084.1857227071
315950.9758360249
190815.80951120393
148607.56087888792
257107.0832405812
876655.39878862
327611.2194319253
15890.316016906912
518238.37651946297
675007.0249584666
230021.03989962116
255098.0843937313
188659.57776918754
636643.6079409481
590639.3391308852
696179.4167240603
239848.9376148834
712058.0090379127
64457.98193049619
913004.5061376991
604980.1487096098
77342.63477514012
980620.6756152905
958858.2177333809
247873.5031233064
19837.784010086103
505980.57488616876
955333.386407015
651366.3019220112
645954.2317716083
600813.7800897161
972070.7174759198
137209.71246523704
640865.3366017677
638895.6038273878
820324.8837787346
648.2431503543282
826507.3081196399
632332.356774381
527713.8148518064
739504.0068171355
605430.4971467186
173558.46349454013
849036.321002903
322702.03236193646
862223.4542516615
527303.5459929373
61980.61203844614
781403.9782470786
578504.373090385
194985.27411176934
478319.6533385251
255900.72984423753
184769.51841088678
711580.0794114097
753542.7690802432
96063.91261881814
685916.5079135201
360734.54901478835
360998.24372174975
430729.32211471593
30440.34203364614
467821.4785408664
157460.6002930053
80436.51598001001
238194.87274432025
975153.1735932592
442101.63138146774
314398.29870657984
376363.78514093615
155005.88656053747
211784.43161755707
540707.881532842
521922.9942170901
43965.983359012804
403722.60649383446
863444.0526516159
992712.7910988063
40434.01121487055
470701.41090836166
343881.5404183564
487746.81217509776
599264.7260217083
248637.87319356113
927450.7979890191
365527.45202037
828242.0129816083
426072.47974530386
553203.9444284496
816093.2446039775
918524.6582738892
217040.89673695495
741581.4368868312
930826.8417470943
424902.9979050455
346024.575707286
824321.9523924157
610300.9147211653
704561.4625575412
596015.187838015
716607.7669704099
142382.78276038865
38042.06843250004
42244.33814875724
868964.83436754
943168.0664361656
937700.572404967
27824.278174866497
318066.5962104358
62697.70653889655
719867.6482882192
911970.6383714972
461025.96889639314
164676.35943506597
877372.3670162649
296082.9857916296
11354.728230333358
128765.353791205
737465.0288638769
525949.1466853981
685132.7884759061
62366.99393220857
664288.0365571752
41344.25759594856
380703.3951510165
216898.24165706433
562244.7848002473
99676.88420377171
605709.6270164882
95901.46767077748
625915.2292304302
401870.9083802151
8537.548098974425
377774.5993851225
263791.8753799821
903121.2863202465
295903.9404518007
194635.2140429669
299001.8694944153
506489.9517702908
532626.467261005
397967.8421583406
473264.88604644727
534774.7276658517
93709.90779323256
257643.41023996298
40200.783873263936
331178.9382322398
383624.42387686326
399182.61465323356
796510.9708094548
907760.7249462416
14388.67480530239
120122.37813040924
369177.9866228551
304434.7787445127
425513.61581933714
992173.9915824122
299250.63149346126
779118.1444110658
574660.4761115231
837040.2281056452
597468.6620873079
31438.93996920765
903894.3064184409
477256.57188424596
502407.5137294621
249066.69480859532
90303.56392261705
181887.71741855482
167880.03390107772
283171.6477325315
388962.0229445538
566358.9463877904
18779.912286908
524261.78453028586
77049.28271239686
709393.7095824435
246289.4332619797
461633.8303517211
301008.8166732199
153063.35569449957
231501.65978753925
784045.4632520945
189911.7590486149
978573.1301850195
283056.9693209454
372706.97182137624
821913.9507121741
651366.2856831307
699101.5230380904
725850.6537299944
815377.5244199256
282066.917011713
289695.2643039629
596459.827099725
662180.96477815
636247.2724576597
570800.1501643013
565835.2085097021
274865.9562816852
453752.15866201994
819739.7443033108
765288.0777107327
622540.8678705507
688153.3067225298
491401.99942381575
800684.4991612998
217746.70867740252
629588.4058806746
40418.9737437994
904915.475605879
920990.230294908
50724.939483067385
345105.5370211302
935921.2622515743
351714.3086745006
910259.0236157565
593011.4873517109
420940.8367047718
320281.18574830063
720842.4966339407
477009.31644276436
166491.28661847283
662817.8184862662
443165.4293539702
895953.5080228959
348449.40276085836
769006.8121861772
726777.7094112401
113652.34577636533
830192.2306129403
56096.90553463124
329874.13457258744
152896.8423083193
22598.591175431957
568510.0369475578
273013.5608491472
61382.41217259241
726342.4058260303
907396.8238415099
181775.6711869049
777287.1173042358
76316.9971088845
154463.1071242675
702176.2352954507
75384.76405409255
110712.7554198058
383297.6900183545
235785.74366101262
562605.36355561
833900.7007153274
952407.7804165068
994933.7387041325
84250.75187113615
64877.4905327206
435423.03575763997
944622.2999883257
542845.758150941
637803.4645530075
234783.7247260622
615559.0318381836
960928.6971487263
122390.92733124846
271033.93611186114
769066.6610381264
565826.1205075561
391159.28219963895
741282.1664951977
383750.3866786487
371998.3972655233
52911.9901316236
608058.048978565
357470.3878027035
324940.5004161321
598103.9588281644
527485.5983080233
634873.138251018
360204.27984972583
675452.6126167045
957151.6560934505
925737.1998692654
904426.9137342275
642622.9679752415
954685.3455281382
586050.0597436359
904131.2958732382
16589.879524654807
12600.269465309468
87266.98597965884
44015.965688104254
152007.73596106799
776869.9997548579
927712.2382067704
158399.1844697194
623609.205287651
756135.5595702959
334746.76882972824
516910.75506334496
339192.7563960744
891366.153637538
392039.57128545333
251036.7551984607
909476.1439506763
500960.2727553731
281054.4012999246
724350.0746342301
298626.53193588165
761253.5170958117
705352.8423528299
787418.3149202244
490107.56630162714
435304.43518369395
912433.7800970161
866103.5140026532
351678.27892358357
199545.3592510636
172559.7620752965
138202.31664782268
640310.9254955574
442775.48928742745
540116.4653263062
804595.6305877184
76655.61278386107
76655.61278386107
