83595.30338225758
40062.38885412301
91007.72667816837
76660.16155802095
49367.07607664025
1184.790802763682
90254.88282688346
87589.05801062119
99508.80397757248
11925.958753007937
43502.49400898499
63648.468003127295
72867.96278506027
99881.83994847628
61447.5167207527
83447.19631641867
24675.155460121532
33100.36743467628
50606.862487644816
22193.660404140624
46601.12021720391
36956.04591275527
65950.06267296689
99239.57998801325
40438.62142489855
11381.352293588767
55337.091336110534
11620.247105950299
99977.17779326596
13632.652090559472
48949.53414772675
21121.194719770712
30940.231231267466
85502.82238644699
95594.44363992273
86371.50637001813
18228.426671731166
91415.8405039352
62256.82298732225
57722.257172158796
13498.967553149512
25259.776925492384
52637.065085718445
72448.92209418876
83823.2024618027
23453.00054981423
9782.158302543068
47380.47723022549
37860.4639973163
94655.84001426275
72339.60667607671
30169.22185126276
782.8589214324252
26150.36940726306
60334.8366690201
26359.60341262403
95871.94615744994
60947.61996931181
65661.14534676466
93620.99634183406
1818.6426684814494
41922.12793561478
86498.74093338505
34327.10210881793
95558.9824797764
1403.8759853988659
50125.12535560739
83234.4584582714
33547.596316225354
3131.982184792591
70464.4432522832
41203.197298505496
69443.66307389244
99399.84306565291
32984.68100885813
60991.32300868228
7151.153576856932
31444.3006771059
87508.93505917286
56659.21713392428
35634.09511010012
38046.02805283478
311.80773496308245
20943.0547506874
32130.34475945657
84779.01141023499
9712.242472548247
28104.257242056323
32546.59270231266
39939.34526081138
39105.423712018324
42689.84273701518
59637.50472166228
17623.69006863735
82597.3702309902
66926.57783074793
56916.64718365678
9202.60962071182
17683.408199654
90255.61307592932
